
Raw Counts
A: 2799925 
C: 2455263 
G: 2484706 
T: 2789236

Nucleotide Frequencies
A: 0.26592178081189993 
C: 0.23318764228383543 
G: 0.23598397968303175 
T: 0.2649065972212329

Dinucleotide Count
AA:825100
AC:528432
AG:776905
AT:629387
CA:791898
CC:693921
CG:168765
CT:765793
GA:651810
GC:562536
GG:706287
GT:528629
TA:491041
TC:635094
TG:797360
TT:825541

Dinucleotide Frequencies
AA:0.07950089892575024
AC:0.0509160332337075
AG:0.07485716383457762
AT:0.060643355074755996
CA:0.07630178506545118
CC:0.06686140259781304
CG:0.016261021945466296
CT:0.07378648877838694
GA:0.06280387944345324
GC:0.054202057542232264
GG:0.06805290437470775
GT:0.05093501478392974
TA:0.047313296460307026
TC:0.061193241912920165
TG:0.07682806540714607
TT:0.07954339061939496
